
 **** INPUT FILE VPSC.IN FOR THIS RUN ****
1                          number of elements (nelem)                           
1                          number of phases (nph)                               
1.0  0.0                   relative vol. fract. of phases (wph(i))              
*INFORMATION ABOUT PHASE #1                                                     
0   0   25                    grain shape contrl, fragmentn, crit aspect ratio  
1.0  1.0  1.0                 initial ellipsoid ratios (dummy if ishape=4)      
0.0  0.0  0.0                 init Eul ang ellips axes (dummy if ishape=3,4)    
* name and path of texture file (filetext)                                      
texture.tex                                                                     
* name and path of single crystal file (filecrys)                               
hcp.sx                                                                          
* name and path of grain shape file (dummy if ishape=0) (fileaxes)              
dummy                                                                           
*PRECISION SETTINGS FOR CONVERGENCE PROCEDURES (default values)                 
1.e-3  1.e-3  1.e-3   0.01     errs,errd,errm,errso                             
100 100 25     itmax:   max # of iter, external, internal and SO loops          
0  2  10  2    irsvar & jrsini,jrsfin,jrstep (dummy if irsvar=0)                
1              ibcinv (0: don't use <Bc>**-1, 1: use <Bc>**-1 in SC eq)         
*INPUT/OUTPUT SETTINGS FOR THE RUN (default is zero)                            
0              irecover:read grain states from POSTMORT.IN (1) or not (0)?      
0              isave:   write grain states in POSTMORT.OUT at step 'isave'?     
0              icubcomp:calculate fcc rolling components?                       
0              nwrite (frequency of texture downloads)                          
*MODELING CONDITIONS FOR THE RUN                                                
3              interaction (0:FC,1:affine,2:secant,3:neff=10,4:tangent,5:SO)    
1  1  1        iupdate: update orient, grain shape, hardening                   
0              nneigh (0 for no neighbors, 1 for pairs, etc.)                   
0              iflu (0: don't calc, 1: calc fluctuations)                       
*NUMBER OF PROCESSES (Lij const; Lij variable; PCYS ;LANKFORD; rigid rotatn)    
11                                                                              
*IVGVAR AND PATH\NAME OF FILE FOR EACH PROCESS (dummy if ivgvar=2,3)            
2         ivgvar=2 will calculate PCYS at the end                               
1 2             -->   section of stress space                                   
0                                                                               
TENSION                                                                         
2         ivgvar=2 will calculate PCYS at the end                               
1 2             -->   section of stress space                                   
0                                                                               
TENSION                                                                         
2         ivgvar=2 will calculate PCYS at the end                               
1 2             -->   section of stress space                                   
0                                                                               
TENSION                                                                         
2         ivgvar=2 will calculate PCYS at the end                               
1 2             -->   section of stress space                                   
0                                                                               
TENSION                                                                         
2         ivgvar=2 will calculate PCYS at the end                               
1 2             -->   section of stress space                                   
0                                                                               
TENSION                                                                         
2         ivgvar=2 will calculate PCYS at the end                               
1 2             -->   section of stress space                                   

IPH=  0  FIJPH     1.0000   0.0000   0.0000   0.0000   1.0000   0.0000   0.0000   0.0000   1.0000
         EIGNVAL   1.0000   1.0000   1.0000
         EIGNVEC   1.0000  -0.0000   0.0000   0.0000  -0.0000   1.0000   0.0000  -1.0000   0.0000

 **** CRYSTAL DATA FILE ****
*Material: zirconium                                                            
HEXAGONAL                                crysym                                 
1.  1.  1.594     90.  90.  120.         cdim(i),cang(i)                        
*Elastic stiffness of single crystal [MPa]                                      
  143.5e3    72.5e3    65.4e3     0.0     0.0     0.0                           
   72.5e3   143.5e3    65.4e3     0.0     0.0     0.0                           
   65.4e3    65.4e3   164.9e3     0.0     0.0     0.0                           
    0.0     0.0     0.0    32.1e3     0.0e3     0.0e3                           
    0.0     0.0     0.0     0.0e3    32.1e3     0.0e3                           
    0.0     0.0     0.0     0.0e3     0.0e3    35.5e3                           
*Thermal expansion coefficients of single crystal[K^(-1)]                       
  5.7e-6   5.7e-6  10.3e-6   0.0e0   0.0e0   0.0e0                              
SLIP AND TWINNING MODES                                                         
6                               nmodesx                                         
4                               nmodes                                          
1  4  5  6                      mode(i)                                         
PRISMATIC <a>                                                                   
  1    3   1   0                       modex,nsmx,isensex,itwtypex              
 1  0 -1  0    -1  2 -1  0                                                      
 0 -1  1  0     2 -1 -1  0                                                      
 -1  1  0  0    -1 -1  2  0                                                     
BASAL <a>                                                                       
  2    3   1   0                       modex,nsmx,isensex,itwtypex              
 0  0  0  1     2 -1 -1  0                                                      
 0  0  0  1    -1  2 -1  0                                                      
 0  0  0  1    -1 -1  2  0                                                      
PYRAMIDAL<a>                                                                    
  3    6   1   0                       modex,nsmx,isensex,itwtypex              
 1  0 -1  1    -1  2 -1  0                                                      
 0 -1  1  1     2 -1 -1  0                                                      
 -1  1  0  1    -1 -1  2  0                                                     
 -1  0  1  1    -1  2 -1  0                                                     
 0  1 -1  1     2 -1 -1  0                                                      
 1 -1  0  1     1  1 -2  0                                                      
PYRAMIDAL<c+a>                                                                  
  4   12   1   0                       modex,nsmx,isensex,itwtypex              
 1  0 -1  1    -1 -1  2  3                                                      
 1  0 -1  1    -2  1  1  3                                                      
 0 -1  1  1     1  1 -2  3                                                      
 0 -1  1  1    -1  2 -1  3                                                      
 -1  1  0  1     2 -1 -1  3                                                     
 -1  1  0  1     1 -2  1  3                                                     
 -1  0  1  1     2 -1 -1  3                                                     
 -1  0  1  1     1  1 -2  3                                                     
 0  1 -1  1    -1 -1  2  3                                                      
 0  1 -1  1     1 -2  1  3                                                      
 1 -1  0  1    -2  1  1  3                                                      
 1 -1  0  1    -1  2 -1  3                                                      
TENSILE TWIN {10-12}                                                            
  5    6   0   2                       modex,nsmx,isensex,itwtypex              
 0.167                                 twshx                                    
 1  0 -1  2    -1  0  1  1                                                      
 0  1 -1  2     0 -1  1  1                                                      
 -1  1  0  2     1 -1  0  1                                                     
 -1  0  1  2     1  0 -1  1                                                     
 0 -1  1  2     0  1 -1  1                                                      
 1 -1  0  2    -1  1  0  1                                                      
COMPRESSIVE TWIN {11-22}                                                        
  6    6   0   2                       modex,nsmx,isensex,itwtypex              
 0.225                                 twshx                                    
 2 -1 -1  2     2 -1 -1 -3                                                      
 1  1 -2  2     1  1 -2 -3                                                      
 -1  2 -1  2    -1  2 -1 -3                                                     
 -2  1  1  2    -2  1  1 -3                                                     
 -1 -1  2  2    -1 -1  2 -3                                                     
 1 -2  1  2     1 -2  1 -3                                                      
*Constitutive law                                                               
   0      Voce=0, MTS=1                                                         
   0      iratesens (0:rate insensitive, 1:rate sensitive)                      
   25     grsze --> grain size only matters if HPfactor is non-zero             
 PRISMATIC <a> SLIP -------------------------------------------                 
 20                               nrsx                                          
   19.  16. 1289. 82.   0.        tau0x,tau1x,thet0,thet1, hpfac                
 1.0    1.0   10.0    2.0         hlatex(1,im),im=1,nmodes                      
 PYRAMIDAL <c+a> SLIP -------------------------------------------               
 20                               nrsx                                          
   145. 192. 1684.  5.   0.       tau0x,tau1x,thet0,thet1, hpfac                
 1.0    1.0    2.0   2.0          hlatex(1,im),im=1,nmodes                      
 {10-12} TENSILE TWIN --------------------------------------                    
 20                               nrsx                                          
  102.  17.  100. 30.   0.        tau0x,tau1x,thet0,thet1, hpfac                
 1.0    1.0    10.0   16.0        hlatex(1,im),im=1,nmodes                      
  1    0.10  0.50                 isectw,thres1,thres2                          
 {11-22} COMPRESSIVE TWIN --------------------------------------                
 20                               nrsx                                          
  270.  30.  1000. 178.   0.      tau0x,tau1x,thet0,thet1, hpfac                
 1.0    1.0    10.0   5.0         hlatex(1,im),im=1,nmodes                      
  1    0.10  0.50                 isectw,thres1,thres2                          
                                                                               
**** END OF CRYSTAL DATA FILE ****


  N & B FOR MODE  1 IN PHASE  1
     0.866     0.500     0.000       -0.500     0.866     0.000
     0.000    -1.000     0.000        1.000     0.000     0.000
    -0.866     0.500     0.000       -0.500    -0.866     0.000
  N & B FOR MODE  2 IN PHASE  1
     0.761     0.439     0.477       -0.266    -0.460     0.847
     0.761     0.439     0.477       -0.531     0.000     0.847
     0.000    -0.879     0.477        0.266     0.460     0.847
     0.000    -0.879     0.477       -0.266     0.460     0.847
    -0.761     0.439     0.477        0.531     0.000     0.847
    -0.761     0.439     0.477        0.266    -0.460     0.847
    -0.761    -0.439     0.477        0.531     0.000     0.847
    -0.761    -0.439     0.477        0.266     0.460     0.847
     0.000     0.879     0.477       -0.266    -0.460     0.847
     0.000     0.879     0.477        0.266    -0.460     0.847
     0.761    -0.439     0.477       -0.531     0.000     0.847
     0.761    -0.439     0.477       -0.266     0.460     0.847
  N & B FOR MODE  3 IN PHASE  1
     0.586     0.339     0.736       -0.637    -0.368     0.677
     0.000     0.677     0.736        0.000    -0.736     0.677
    -0.586     0.339     0.736        0.637    -0.368     0.677
    -0.586    -0.339     0.736        0.637     0.368     0.677
     0.000    -0.677     0.736        0.000     0.736     0.677
     0.586    -0.339     0.736       -0.637     0.368     0.677
  N & B FOR MODE  4 IN PHASE  1
     0.847     0.000     0.531        0.531     0.000    -0.847
     0.424     0.734     0.531        0.266     0.460    -0.847
    -0.424     0.734     0.531       -0.266     0.460    -0.847
    -0.847     0.000     0.531       -0.531     0.000    -0.847
    -0.424    -0.734     0.531       -0.266    -0.460    -0.847
     0.424    -0.734     0.531        0.266    -0.460    -0.847

 **** CRYST TEXTURE (FIRST FEW LINES) ****
dummy                                                                           
dummy                                                                           
dummy                                                                           
B   1                                                                           
327.54175526991816 164.55046133380617 73.51895444511074 1                       
    .........................
 **** END OF CRYST TEXTURE DATA FILE ****

IPH=  1  FIJPH     1.0000   0.0000   0.0000   0.0000   1.0000   0.0000   0.0000   0.0000   1.0000
         EIGNVAL   1.0000   1.0000   1.0000
         EIGNVEC   1.0000  -0.0000   0.0000   0.0000  -0.0000   1.0000   0.0000  -1.0000   0.0000

 UB ELASTIC STIFFNESS (VOIGT NOTATION)
  0.1430E+06  0.7205E+05  0.6669E+05 -0.1320E+04 -0.1777E+04 -0.4144E+03
  0.7205E+05  0.1422E+06  0.6785E+05 -0.2473E+04 -0.6358E+03 -0.3668E+03
  0.6669E+05  0.6785E+05  0.1601E+06  0.6891E+04  0.4383E+04  0.1241E+04
 -0.1320E+04 -0.2473E+04  0.6891E+04  0.3448E+05  0.1360E+04 -0.1260E+03
 -0.1777E+04 -0.6358E+03  0.4383E+04  0.1360E+04  0.3321E+05 -0.5187E+03
 -0.4144E+03 -0.3668E+03  0.1241E+04 -0.1260E+03 -0.5187E+03  0.3531E+05


  ELASTIC ESHELBY TENSOR (VOIGT NOTATION)
     0.53951     0.07446     0.05255    -0.00540    -0.00693    -0.00161
     0.07435     0.53651     0.05550    -0.01000    -0.00286    -0.00148
     0.04927     0.05232     0.55974     0.01649     0.01049     0.00325
    -0.00620    -0.01080     0.01570     0.22685     0.00374    -0.00077
    -0.00744    -0.00336     0.00999     0.00374     0.22334    -0.00211
    -0.00173    -0.00160     0.00314    -0.00077    -0.00211     0.23193

SC ELASTIC STIFFNESS (VOIGT NOTATION)
  0.1430E+06  0.7205E+05  0.6669E+05 -0.1320E+04 -0.1777E+04 -0.4144E+03
  0.7205E+05  0.1422E+06  0.6785E+05 -0.2473E+04 -0.6358E+03 -0.3668E+03
  0.6669E+05  0.6785E+05  0.1601E+06  0.6891E+04  0.4383E+04  0.1241E+04
 -0.1320E+04 -0.2473E+04  0.6891E+04  0.3448E+05  0.1360E+04 -0.1260E+03
 -0.1777E+04 -0.6358E+03  0.4383E+04  0.1360E+04  0.3321E+05 -0.5187E+03
 -0.4144E+03 -0.3668E+03  0.1241E+04 -0.1260E+03 -0.5187E+03  0.3531E+05

SC ELASTIC COMPLIANCE (VOIGT NOTATION)
  0.1021E-04 -0.3892E-05 -0.2653E-05  0.3056E-06  0.4000E-06  0.9327E-07
 -0.3892E-05  0.1038E-04 -0.2836E-05  0.5751E-06  0.1602E-06  0.8530E-07
 -0.2653E-05 -0.2836E-05  0.8675E-05 -0.9952E-06 -0.6330E-06 -0.1955E-06
  0.3056E-06  0.5751E-06 -0.9952E-06  0.7386E-05 -0.2223E-06  0.4535E-07
  0.4000E-06  0.1602E-06 -0.6330E-06 -0.2223E-06  0.7594E-05  0.1251E-06
  0.9327E-07  0.8530E-07 -0.1955E-06  0.4535E-07  0.1251E-06  0.7087E-05

 ******* STARTS A PCYS CALCULATION *******

 NON CENTRO-SYMMETRIC YIELD SURFACE

 NORM OF STRAIN-RATE PROBES IS HARDWIRED TO 1

WILL CALCULATE A   1   2   PCYS PROJECTION
 INDICES OF THE COMPONENTS DEFINING STRESS SPACE
    1 = (S22-S11)/SQRT(2)
    2 = (2*S33-S22-S11)/SQRT(6)
    3 = S23*SQRT(2)
    4 = S13*SQRT(2)
    5 = S12*SQRT(2)


*******   STEP   1      *** NEFF=10 CALCULATION                

*******   STEP   2      *** NEFF=10 CALCULATION                

*******   STEP   3      *** NEFF=10 CALCULATION                

*******   STEP   4      *** NEFF=10 CALCULATION                

*******   STEP   5      *** NEFF=10 CALCULATION                

*******   STEP   6      *** NEFF=10 CALCULATION                

*******   STEP   7      *** NEFF=10 CALCULATION                

*******   STEP   8      *** NEFF=10 CALCULATION                

*******   STEP   9      *** NEFF=10 CALCULATION                

*******   STEP  10      *** NEFF=10 CALCULATION                

*******   STEP  11      *** NEFF=10 CALCULATION                

*******   STEP  12      *** NEFF=10 CALCULATION                

*******   STEP  13      *** NEFF=10 CALCULATION                

*******   STEP  14      *** NEFF=10 CALCULATION                

*******   STEP  15      *** NEFF=10 CALCULATION                

*******   STEP  16      *** NEFF=10 CALCULATION                

*******   STEP  17      *** NEFF=10 CALCULATION                

*******   STEP  18      *** NEFF=10 CALCULATION                

*******   STEP  19      *** NEFF=10 CALCULATION                

*******   STEP  20      *** NEFF=10 CALCULATION                

*******   STEP  21      *** NEFF=10 CALCULATION                

*******   STEP  22      *** NEFF=10 CALCULATION                

*******   STEP  23      *** NEFF=10 CALCULATION                

*******   STEP  24      *** NEFF=10 CALCULATION                

*******   STEP  25      *** NEFF=10 CALCULATION                

*******   STEP  26      *** NEFF=10 CALCULATION                

*******   STEP  27      *** NEFF=10 CALCULATION                

*******   STEP  28      *** NEFF=10 CALCULATION                

*******   STEP  29      *** NEFF=10 CALCULATION                

*******   STEP  30      *** NEFF=10 CALCULATION                

*******   STEP  31      *** NEFF=10 CALCULATION                

*******   STEP  32      *** NEFF=10 CALCULATION                

*******   STEP  33      *** NEFF=10 CALCULATION                

*******   STEP  34      *** NEFF=10 CALCULATION                

*******   STEP  35      *** NEFF=10 CALCULATION                

*******   STEP  36      *** NEFF=10 CALCULATION                

*** LOAD CONDITIONS FOR THIS RUN
  50   3   0.0005    298.         nsteps  ictrl  eqincr  temp                   
* boundary conditions                                                           
    1       1       1           iudot    |    flag for vel.grad.                
    1       1       1                    |    (0:unknown-1:known)               
    1       1       1                    |                                      
                                         |                                      
   -0.5     0.      0.          udot     |    vel.grad                          
    0.     -0.5     0.                   |                                      
    0.      0.      1.0                  |                                      
                                         |                                      
    0       0       0           iscau    |    flag for Cauchy                   
            0       0                    |                                      
                    0                    |                                      
                                         |                                      
    0.      0.      0.          scauchy  |    Cauchy stress                     
            0.      0.                   |                                      
                    0.                   @                                      
                                                                               

*******   STEP   1      *** NEFF=10 CALCULATION                
IPH=  0  FIJPH     0.9998   0.0000   0.0000   0.0000   0.9998   0.0000   0.0000   0.0000   1.0005
         EIGNVAL   0.9998   1.0005   0.9998
         EIGNVEC   1.0000  -0.0000   0.0000   0.0000  -0.0000   1.0000   0.0000  -1.0000   0.0000
IPH=  1  FIJPH     0.9997   0.0000  -0.0000   0.0000   0.9998  -0.0000  -0.0000  -0.0000   1.0005
         EIGNVAL   0.9998   1.0005   0.9997
         EIGNVEC   0.4167  -0.0000   0.9090   0.9090  -0.0000  -0.4167   0.0000   1.0000   0.0000

*******   STEP   2      *** NEFF=10 CALCULATION                
IPH=  0  FIJPH     0.9995   0.0000   0.0000   0.0000   0.9995   0.0000   0.0000   0.0000   1.0010
         EIGNVAL   0.9995   1.0010   0.9995
         EIGNVEC   1.0000  -0.0000   0.0000   0.0000  -0.0000   1.0000   0.0000  -1.0000   0.0000
IPH=  1  FIJPH     0.9995   0.0000  -0.0000   0.0000   0.9995  -0.0000  -0.0000  -0.0000   1.0010
         EIGNVAL   0.9995   1.0010   0.9995
         EIGNVEC   0.4429  -0.0000   0.8966   0.8966  -0.0000  -0.4429   0.0000   1.0000   0.0000

*******   STEP   3      *** NEFF=10 CALCULATION                
IPH=  0  FIJPH     0.9993   0.0000   0.0000   0.0000   0.9993   0.0000   0.0000   0.0000   1.0015
         EIGNVAL   0.9993   1.0015   0.9993
         EIGNVEC   1.0000  -0.0000   0.0000   0.0000  -0.0000   1.0000   0.0000  -1.0000   0.0000
IPH=  1  FIJPH     0.9993   0.0000  -0.0000   0.0000   0.9993  -0.0000  -0.0000  -0.0000   1.0015
         EIGNVAL   0.9993   1.0015   0.9993
         EIGNVEC   0.5571  -0.0000   0.8304   0.8304  -0.0000  -0.5571   0.0000   1.0000   0.0000

*******   STEP   4      *** NEFF=10 CALCULATION                
IPH=  0  FIJPH     0.9990   0.0000   0.0000   0.0000   0.9990   0.0000   0.0000   0.0000   1.0020
         EIGNVAL   0.9990   1.0020   0.9990
         EIGNVEC   1.0000  -0.0000   0.0000   0.0000  -0.0000   1.0000   0.0000  -1.0000   0.0000
IPH=  1  FIJPH     0.9990   0.0000  -0.0000   0.0000   0.9990  -0.0000  -0.0000  -0.0000   1.0020
         EIGNVAL   0.9990   1.0020   0.9990
         EIGNVEC   0.7456   0.0000  -0.6664   0.6664   0.0000   0.7456   0.0000  -1.0000  -0.0000

*******   STEP   5      *** NEFF=10 CALCULATION                
IPH=  0  FIJPH     0.9988   0.0000   0.0000   0.0000   0.9988   0.0000   0.0000   0.0000   1.0025
         EIGNVAL   0.9988   1.0025   0.9988
         EIGNVEC   1.0000  -0.0000   0.0000   0.0000  -0.0000   1.0000   0.0000  -1.0000   0.0000
IPH=  1  FIJPH     0.9988   0.0000  -0.0000   0.0000   0.9988  -0.0000  -0.0000  -0.0000   1.0025
         EIGNVAL   0.9988   1.0025   0.9988
         EIGNVEC   0.7539   0.0000  -0.6570   0.6570   0.0000   0.7539   0.0000  -1.0000  -0.0000

*******   STEP   6      *** NEFF=10 CALCULATION                
IPH=  0  FIJPH     0.9985   0.0000   0.0000   0.0000   0.9985   0.0000   0.0000   0.0000   1.0030
         EIGNVAL   0.9985   1.0030   0.9985
         EIGNVEC   1.0000  -0.0000   0.0000   0.0000  -0.0000   1.0000   0.0000  -1.0000   0.0000
IPH=  1  FIJPH     0.9985   0.0000  -0.0000   0.0000   0.9985  -0.0000  -0.0000  -0.0000   1.0030
         EIGNVAL   0.9985   1.0030   0.9985
         EIGNVEC   0.8331   0.0000  -0.5532   0.5532   0.0000   0.8331   0.0000  -1.0000  -0.0000

*******   STEP   7      *** NEFF=10 CALCULATION                
IPH=  0  FIJPH     0.9983   0.0000   0.0000   0.0000   0.9983   0.0000   0.0000   0.0000   1.0035
         EIGNVAL   0.9983   1.0035   0.9983
         EIGNVEC   1.0000  -0.0000   0.0000   0.0000  -0.0000   1.0000   0.0000  -1.0000   0.0000
IPH=  1  FIJPH     0.9983   0.0000  -0.0000   0.0000   0.9983  -0.0000  -0.0000  -0.0000   1.0035
         EIGNVAL   0.9983   1.0035   0.9983
         EIGNVEC   0.8910   0.0000  -0.4541   0.4541   0.0000   0.8910   0.0000  -1.0000  -0.0000

*******   STEP   8      *** NEFF=10 CALCULATION                
IPH=  0  FIJPH     0.9980   0.0000   0.0000   0.0000   0.9980   0.0000   0.0000   0.0000   1.0040
         EIGNVAL   0.9980   1.0040   0.9980
         EIGNVEC   1.0000  -0.0000   0.0000   0.0000  -0.0000   1.0000   0.0000  -1.0000   0.0000
IPH=  1  FIJPH     0.9980   0.0000  -0.0000   0.0000   0.9980  -0.0000  -0.0000  -0.0000   1.0040
         EIGNVAL   0.9980   1.0040   0.9980
         EIGNVEC   0.9642   0.0000  -0.2653   0.2653   0.0000   0.9642   0.0000  -1.0000  -0.0000

*******   STEP   9      *** NEFF=10 CALCULATION                
IPH=  0  FIJPH     0.9978   0.0000   0.0000   0.0000   0.9978   0.0000   0.0000   0.0000   1.0045
         EIGNVAL   0.9978   1.0045   0.9978
         EIGNVEC   1.0000  -0.0000   0.0000   0.0000  -0.0000   1.0000   0.0000  -1.0000   0.0000
IPH=  1  FIJPH     0.9978   0.0000  -0.0000   0.0000   0.9978  -0.0000  -0.0000  -0.0000   1.0045
         EIGNVAL   0.9978   1.0045   0.9978
         EIGNVEC   0.9911   0.0000  -0.1332   0.1332   0.0000   0.9911   0.0000  -1.0000  -0.0000

*******   STEP  10      *** NEFF=10 CALCULATION                
IPH=  0  FIJPH     0.9975   0.0000   0.0000   0.0000   0.9975   0.0000   0.0000   0.0000   1.0050
         EIGNVAL   0.9975   1.0050   0.9975
         EIGNVEC   1.0000  -0.0000   0.0000   0.0000  -0.0000   1.0000   0.0000  -1.0000   0.0000
IPH=  1  FIJPH     0.9975   0.0000  -0.0000   0.0000   0.9975   0.0000  -0.0000   0.0000   1.0050
         EIGNVAL   0.9975   1.0050   0.9975
         EIGNVEC   0.9993   0.0000  -0.0385   0.0385  -0.0000   0.9993   0.0000  -1.0000  -0.0000

*******   STEP  11      *** NEFF=10 CALCULATION                
IPH=  0  FIJPH     0.9973   0.0000   0.0000   0.0000   0.9973   0.0000   0.0000   0.0000   1.0055
         EIGNVAL   0.9973   1.0055   0.9973
         EIGNVEC   1.0000  -0.0000   0.0000   0.0000  -0.0000   1.0000   0.0000  -1.0000   0.0000
IPH=  1  FIJPH     0.9973  -0.0000  -0.0000  -0.0000   0.9973   0.0000  -0.0000   0.0000   1.0055
         EIGNVAL   0.9973   1.0055   0.9973
         EIGNVEC   0.9995   0.0000   0.0321  -0.0321  -0.0000   0.9995   0.0000  -1.0000  -0.0000

*******   STEP  12      *** NEFF=10 CALCULATION                
IPH=  0  FIJPH     0.9970   0.0000   0.0000   0.0000   0.9970   0.0000   0.0000   0.0000   1.0060
         EIGNVAL   0.9970   1.0060   0.9970
         EIGNVEC   1.0000  -0.0000   0.0000   0.0000  -0.0000   1.0000   0.0000  -1.0000   0.0000
IPH=  1  FIJPH     0.9970  -0.0000  -0.0000  -0.0000   0.9970   0.0000  -0.0000   0.0000   1.0060
         EIGNVAL   0.9970   1.0060   0.9970
         EIGNVEC   0.9963   0.0000   0.0855  -0.0855  -0.0000   0.9963   0.0000  -1.0000  -0.0000

*******   STEP  13      *** NEFF=10 CALCULATION                
IPH=  0  FIJPH     0.9968   0.0000   0.0000   0.0000   0.9968   0.0000   0.0000   0.0000   1.0065
         EIGNVAL   0.9968   1.0065   0.9968
         EIGNVEC   1.0000  -0.0000   0.0000   0.0000  -0.0000   1.0000   0.0000  -1.0000   0.0000
IPH=  1  FIJPH     0.9968  -0.0000  -0.0000  -0.0000   0.9968   0.0000  -0.0000   0.0000   1.0065
         EIGNVAL   0.9968   1.0065   0.9968
         EIGNVEC   0.9919   0.0000   0.1266  -0.1266  -0.0000   0.9919   0.0000  -1.0000  -0.0000

*******   STEP  14      *** NEFF=10 CALCULATION                
IPH=  0  FIJPH     0.9965   0.0000   0.0000   0.0000   0.9965   0.0000   0.0000   0.0000   1.0070
         EIGNVAL   0.9965   1.0070   0.9965
         EIGNVEC   1.0000  -0.0000   0.0000   0.0000  -0.0000   1.0000   0.0000  -1.0000   0.0000
IPH=  1  FIJPH     0.9965  -0.0000  -0.0000  -0.0000   0.9965   0.0000  -0.0000   0.0000   1.0070
         EIGNVAL   0.9965   1.0070   0.9965
         EIGNVEC   0.9873   0.0000   0.1587  -0.1587  -0.0000   0.9873   0.0000  -1.0000  -0.0000

*******   STEP  15      *** NEFF=10 CALCULATION                
IPH=  0  FIJPH     0.9963   0.0000   0.0000   0.0000   0.9963   0.0000   0.0000   0.0000   1.0075
         EIGNVAL   0.9963   1.0075   0.9963
         EIGNVEC   1.0000  -0.0000   0.0000   0.0000  -0.0000   1.0000   0.0000  -1.0000   0.0000
IPH=  1  FIJPH     0.9963  -0.0000  -0.0000  -0.0000   0.9963   0.0000  -0.0000   0.0000   1.0075
         EIGNVAL   0.9963   1.0075   0.9963
         EIGNVEC   0.9829   0.0000   0.1840  -0.1840  -0.0000   0.9829   0.0000  -1.0000  -0.0000

*******   STEP  16      *** NEFF=10 CALCULATION                
IPH=  0  FIJPH     0.9960   0.0000   0.0000   0.0000   0.9960   0.0000   0.0000   0.0000   1.0080
         EIGNVAL   0.9960   1.0080   0.9960
         EIGNVEC   1.0000  -0.0000   0.0000   0.0000  -0.0000   1.0000   0.0000  -1.0000   0.0000
IPH=  1  FIJPH     0.9960  -0.0000  -0.0000  -0.0000   0.9960   0.0000  -0.0000   0.0000   1.0080
         EIGNVAL   0.9960   1.0080   0.9960
         EIGNVEC   0.9789   0.0000   0.2044  -0.2044  -0.0000   0.9789   0.0000  -1.0000  -0.0000

*******   STEP  17      *** NEFF=10 CALCULATION                
IPH=  0  FIJPH     0.9958   0.0000   0.0000   0.0000   0.9958   0.0000   0.0000   0.0000   1.0085
         EIGNVAL   0.9958   1.0085   0.9958
         EIGNVEC   1.0000  -0.0000   0.0000   0.0000  -0.0000   1.0000   0.0000  -1.0000   0.0000
IPH=  1  FIJPH     0.9958  -0.0000  -0.0000  -0.0000   0.9958   0.0000  -0.0000   0.0000   1.0085
         EIGNVAL   0.9958   1.0085   0.9958
         EIGNVEC   0.9752   0.0000   0.2211  -0.2211  -0.0000   0.9752   0.0000  -1.0000  -0.0000

*******   STEP  18      *** NEFF=10 CALCULATION                
IPH=  0  FIJPH     0.9955   0.0000   0.0000   0.0000   0.9955   0.0000   0.0000   0.0000   1.0090
         EIGNVAL   0.9955   1.0090   0.9955
         EIGNVEC   1.0000  -0.0000   0.0000   0.0000  -0.0000   1.0000   0.0000  -1.0000   0.0000
IPH=  1  FIJPH     0.9955  -0.0000  -0.0000  -0.0000   0.9955   0.0000  -0.0000   0.0000   1.0090
         EIGNVAL   0.9955   1.0090   0.9955
         EIGNVEC   0.9720   0.0000   0.2350  -0.2350  -0.0000   0.9720   0.0000  -1.0000  -0.0000

*******   STEP  19      *** NEFF=10 CALCULATION                
IPH=  0  FIJPH     0.9953   0.0000   0.0000   0.0000   0.9953   0.0000   0.0000   0.0000   1.0095
         EIGNVAL   0.9953   1.0095   0.9953
         EIGNVEC   1.0000  -0.0000   0.0000   0.0000  -0.0000   1.0000   0.0000  -1.0000   0.0000
IPH=  1  FIJPH     0.9953  -0.0000  -0.0000  -0.0000   0.9953   0.0000  -0.0000   0.0000   1.0095
         EIGNVAL   0.9953   1.0095   0.9953
         EIGNVEC   0.9691   0.0000   0.2467  -0.2467  -0.0000   0.9691   0.0000  -1.0000  -0.0000

*******   STEP  20      *** NEFF=10 CALCULATION                
IPH=  0  FIJPH     0.9950   0.0000   0.0000   0.0000   0.9950   0.0000   0.0000   0.0000   1.0100
         EIGNVAL   0.9950   1.0100   0.9950
         EIGNVEC   1.0000  -0.0000   0.0000   0.0000  -0.0000   1.0000   0.0000  -1.0000   0.0000
IPH=  1  FIJPH     0.9950  -0.0000  -0.0000  -0.0000   0.9950   0.0000  -0.0000   0.0000   1.0100
         EIGNVAL   0.9950   1.0100   0.9950
         EIGNVEC   0.9665   0.0000   0.2568  -0.2568  -0.0000   0.9665   0.0000  -1.0000  -0.0000

*******   STEP  21      *** NEFF=10 CALCULATION                
IPH=  0  FIJPH     0.9948   0.0000   0.0000   0.0000   0.9948   0.0000   0.0000   0.0000   1.0106
         EIGNVAL   0.9948   1.0106   0.9948
         EIGNVEC   1.0000  -0.0000   0.0000   0.0000  -0.0000   1.0000   0.0000  -1.0000   0.0000
IPH=  1  FIJPH     0.9948  -0.0000  -0.0000  -0.0000   0.9948   0.0000  -0.0000   0.0000   1.0106
         EIGNVAL   0.9948   1.0106   0.9948
         EIGNVEC   0.9641   0.0000   0.2655  -0.2655  -0.0000   0.9641   0.0000  -1.0000  -0.0000

*******   STEP  22      *** NEFF=10 CALCULATION                
IPH=  0  FIJPH     0.9945   0.0000   0.0000   0.0000   0.9945   0.0000   0.0000   0.0000   1.0111
         EIGNVAL   0.9945   1.0111   0.9945
         EIGNVEC   1.0000  -0.0000   0.0000   0.0000  -0.0000   1.0000   0.0000  -1.0000   0.0000
IPH=  1  FIJPH     0.9945  -0.0000  -0.0000  -0.0000   0.9945   0.0000  -0.0000   0.0000   1.0111
         EIGNVAL   0.9945   1.0111   0.9945
         EIGNVEC   0.9620   0.0000   0.2731  -0.2731  -0.0000   0.9620   0.0000  -1.0000  -0.0000

*******   STEP  23      *** NEFF=10 CALCULATION                
IPH=  0  FIJPH     0.9943   0.0000   0.0000   0.0000   0.9943   0.0000   0.0000   0.0000   1.0116
         EIGNVAL   0.9943   1.0116   0.9943
         EIGNVEC   1.0000  -0.0000   0.0000   0.0000  -0.0000   1.0000   0.0000  -1.0000   0.0000
IPH=  1  FIJPH     0.9943  -0.0000  -0.0000  -0.0000   0.9943   0.0000  -0.0000   0.0000   1.0116
         EIGNVAL   0.9943   1.0116   0.9943
         EIGNVEC   0.9601   0.0000   0.2798  -0.2798  -0.0000   0.9601   0.0000  -1.0000  -0.0000

*******   STEP  24      *** NEFF=10 CALCULATION                
IPH=  0  FIJPH     0.9940   0.0000   0.0000   0.0000   0.9940   0.0000   0.0000   0.0000   1.0121
         EIGNVAL   0.9940   1.0121   0.9940
         EIGNVEC   1.0000  -0.0000   0.0000   0.0000  -0.0000   1.0000   0.0000  -1.0000   0.0000
IPH=  1  FIJPH     0.9940  -0.0000  -0.0000  -0.0000   0.9940   0.0000  -0.0000   0.0000   1.0121
         EIGNVAL   0.9940   1.0121   0.9940
         EIGNVEC   0.9588   0.0000   0.2840  -0.2840  -0.0000   0.9588   0.0000  -1.0000  -0.0000

*******   STEP  25      *** NEFF=10 CALCULATION                
IPH=  0  FIJPH     0.9938   0.0000   0.0000   0.0000   0.9938   0.0000   0.0000   0.0000   1.0126
         EIGNVAL   0.9938   1.0126   0.9938
         EIGNVEC   1.0000  -0.0000   0.0000   0.0000  -0.0000   1.0000   0.0000  -1.0000   0.0000
IPH=  1  FIJPH     0.9938  -0.0000  -0.0000  -0.0000   0.9938   0.0000  -0.0000   0.0000   1.0126
         EIGNVAL   0.9938   1.0126   0.9938
         EIGNVEC   0.9577   0.0000   0.2878  -0.2878  -0.0000   0.9577   0.0000  -1.0000  -0.0000

*******   STEP  26      *** NEFF=10 CALCULATION                
IPH=  0  FIJPH     0.9935   0.0000   0.0000   0.0000   0.9935   0.0000   0.0000   0.0000   1.0131
         EIGNVAL   0.9935   1.0131   0.9935
         EIGNVEC   1.0000  -0.0000   0.0000   0.0000  -0.0000   1.0000   0.0000  -1.0000   0.0000
IPH=  1  FIJPH     0.9935  -0.0000  -0.0000  -0.0000   0.9935   0.0000  -0.0000   0.0000   1.0131
         EIGNVAL   0.9935   1.0131   0.9935
         EIGNVEC   0.9566   0.0000   0.2913  -0.2913  -0.0000   0.9566   0.0000  -1.0000  -0.0000

*******   STEP  27      *** NEFF=10 CALCULATION                
IPH=  0  FIJPH     0.9933   0.0000   0.0000   0.0000   0.9933   0.0000   0.0000   0.0000   1.0136
         EIGNVAL   0.9933   1.0136   0.9933
         EIGNVEC   1.0000  -0.0000   0.0000   0.0000  -0.0000   1.0000   0.0000  -1.0000   0.0000
IPH=  1  FIJPH     0.9933  -0.0000  -0.0000  -0.0000   0.9933   0.0000  -0.0000   0.0000   1.0136
         EIGNVAL   0.9933   1.0136   0.9933
         EIGNVEC   0.9550   0.0000   0.2967  -0.2967  -0.0000   0.9550   0.0000  -1.0000  -0.0000

*******   STEP  28      *** NEFF=10 CALCULATION                
IPH=  0  FIJPH     0.9930   0.0000   0.0000   0.0000   0.9930   0.0000   0.0000   0.0000   1.0141
         EIGNVAL   0.9930   1.0141   0.9930
         EIGNVEC   1.0000  -0.0000   0.0000   0.0000  -0.0000   1.0000   0.0000  -1.0000   0.0000
IPH=  1  FIJPH     0.9930  -0.0000  -0.0000  -0.0000   0.9930   0.0000  -0.0000   0.0000   1.0141
         EIGNVAL   0.9930   1.0141   0.9930
         EIGNVEC   0.9533   0.0000   0.3019  -0.3019  -0.0000   0.9533   0.0000  -1.0000  -0.0000

*******   STEP  29      *** NEFF=10 CALCULATION                
IPH=  0  FIJPH     0.9928   0.0000   0.0000   0.0000   0.9928   0.0000   0.0000   0.0000   1.0146
         EIGNVAL   0.9928   1.0146   0.9928
         EIGNVEC   1.0000  -0.0000   0.0000   0.0000  -0.0000   1.0000   0.0000  -1.0000   0.0000
IPH=  1  FIJPH     0.9928  -0.0000  -0.0000  -0.0000   0.9928   0.0000  -0.0000   0.0000   1.0146
         EIGNVAL   0.9928   1.0146   0.9928
         EIGNVEC   0.9518   0.0000   0.3068  -0.3068  -0.0000   0.9518   0.0000  -1.0000  -0.0000

*******   STEP  30      *** NEFF=10 CALCULATION                
IPH=  0  FIJPH     0.9925   0.0000   0.0000   0.0000   0.9925   0.0000   0.0000   0.0000   1.0151
         EIGNVAL   0.9925   1.0151   0.9925
         EIGNVEC   1.0000  -0.0000   0.0000   0.0000  -0.0000   1.0000   0.0000  -1.0000   0.0000
IPH=  1  FIJPH     0.9925  -0.0000  -0.0000  -0.0000   0.9925   0.0000  -0.0000   0.0000   1.0151
         EIGNVAL   0.9925   1.0151   0.9925
         EIGNVEC   0.9502   0.0000   0.3115  -0.3115  -0.0000   0.9502   0.0000  -1.0000  -0.0000

*******   STEP  31      *** NEFF=10 CALCULATION                
IPH=  0  FIJPH     0.9923   0.0000   0.0000   0.0000   0.9923   0.0000   0.0000   0.0000   1.0156
         EIGNVAL   0.9923   1.0156   0.9923
         EIGNVEC   1.0000  -0.0000   0.0000   0.0000  -0.0000   1.0000   0.0000  -1.0000   0.0000
IPH=  1  FIJPH     0.9923  -0.0000  -0.0000  -0.0000   0.9923   0.0000  -0.0000   0.0000   1.0156
         EIGNVAL   0.9923   1.0156   0.9923
         EIGNVEC   0.9488   0.0000   0.3160  -0.3160  -0.0000   0.9488   0.0000  -1.0000  -0.0000

*******   STEP  32      *** NEFF=10 CALCULATION                
IPH=  0  FIJPH     0.9920   0.0000   0.0000   0.0000   0.9920   0.0000   0.0000   0.0000   1.0161
         EIGNVAL   0.9920   1.0161   0.9920
         EIGNVEC   1.0000  -0.0000   0.0000   0.0000  -0.0000   1.0000   0.0000  -1.0000   0.0000
IPH=  1  FIJPH     0.9920  -0.0000  -0.0000  -0.0000   0.9920   0.0000  -0.0000   0.0000   1.0161
         EIGNVAL   0.9920   1.0161   0.9920
         EIGNVEC   0.9473   0.0000   0.3204  -0.3204  -0.0000   0.9473   0.0000  -1.0000  -0.0000

*******   STEP  33      *** NEFF=10 CALCULATION                
IPH=  0  FIJPH     0.9918   0.0000   0.0000   0.0000   0.9918   0.0000   0.0000   0.0000   1.0166
         EIGNVAL   0.9918   1.0166   0.9918
         EIGNVEC   1.0000  -0.0000   0.0000   0.0000  -0.0000   1.0000   0.0000  -1.0000   0.0000
IPH=  1  FIJPH     0.9918  -0.0000  -0.0000  -0.0000   0.9918   0.0000  -0.0000   0.0000   1.0166
         EIGNVAL   0.9918   1.0166   0.9918
         EIGNVEC   0.9459   0.0000   0.3245  -0.3245  -0.0000   0.9459   0.0000  -1.0000  -0.0000

*******   STEP  34      *** NEFF=10 CALCULATION                
IPH=  0  FIJPH     0.9915   0.0000   0.0000   0.0000   0.9915   0.0000   0.0000   0.0000   1.0171
         EIGNVAL   0.9915   1.0171   0.9915
         EIGNVEC   1.0000  -0.0000   0.0000   0.0000  -0.0000   1.0000   0.0000  -1.0000   0.0000
IPH=  1  FIJPH     0.9915  -0.0000  -0.0000  -0.0000   0.9915   0.0000  -0.0000   0.0000   1.0171
         EIGNVAL   0.9915   1.0171   0.9915
         EIGNVEC   0.9445   0.0000   0.3285  -0.3285  -0.0000   0.9445   0.0000  -1.0000  -0.0000

*******   STEP  35      *** NEFF=10 CALCULATION                
IPH=  0  FIJPH     0.9913   0.0000   0.0000   0.0000   0.9913   0.0000   0.0000   0.0000   1.0176
         EIGNVAL   0.9913   1.0176   0.9913
